$baseballString="Colorado Rockies	1917 	66290 	10270 	18714 	3604 	525 	2293 	9716 	30247 	6213 	12155 	1324 	666 	.347 	.456 	.282;
New York Yankees	16190 	551851 	78355 	147398 	23831 	5311 	13092 	72173 	221127 	57891 	65384 	10167 	\N 	.336 	.401 	.267;
Boston Red Sox	16202 	553143 	74555 	147584 	26622 	5119 	10943 	68762 	217273 	55867 	64879 	7880 	\N 	.333 	.393 	.267	\N;
St. Louis Cardinals	18733 	643511 	86022 	171614 	28048 	7203 	9842 	76001 	243594 	57418 	69716 	\N 	\N 	\N 	.379 	.267;
Cleveland Indians	16216 	552986 	73120 	147332 	25401 	5022 	10592 	67160 	214553 	52277 	63907 	9914 	\N 	.328 	.388 	.266;
Pittsburgh Pirates	18690 	641717 	84188 	170445 	27036 	8343 	9402 	74278 	242373 	54845 	71136 	\N 	\N 	\N 	.378 	.266;
Detroit Tigers	16237 	553137 	74893 	146530 	24163 	5601 	11295 	68434 	215780 	56274 	65833 	9946 	\N 	.331 	.390 	.265	\N;
San Francisco Giants	18610 	635887 	87415 	168483 	25934 	6377 	12752 	78404 	245427 	58808 	73394 	\N 	\N 	\N 	.386 	.265;
Kansas City Royals	5734 	196328 	25488 	51945 	9447 	1599 	4306 	23973 	77508 	17757 	30142 	4871 	2165 	.327 	.395 	.265;
Seattle Mariners	4452 	152352 	20494 	40197 	7440 	835 	4385 	19443 	62462 	15174 	25105 	3158 	1492 	.332 	.410 	.264;
Chicago Cubs	19274 	661374 	89382 	174179 	28443 	6804 	11792 	78988 	251606 	58402 	79007 	\N 	\N 	\N 	.380 	.263	\N;
Minnesota Twins	16219 	553074 	70749 	145606 	24224 	5763 	8725 	64710 	207531 	52266 	63710 	10466 	\N 	.326 	.375 	.263	\N;
Toronto Blue Jays	4453 	153092 	20517 	40320 	7761 	1090 	4378 	19350 	63395 	14017 	25873 	3072 	1416 	.328 	.414 	.263;
Arizona Diamondbacks	1174 	40241 	5507 	10557 	2046 	303 	1252 	5248 	16965 	3975 	7601 	616 	283 	.332 	.422 	.262;
Cincinnati Reds	18736 	639203 	84261 	167639 	27145 	7084 	10709 	75345 	241079 	56435 	71984 	\N 	\N 	\N 	.377 	.262	\N;
Tampa Bay Devil Rays	1171 	40269 	5080 	10533 	2046 	242 	981 	4819 	16006 	3488 	7633 	813 	361 	.324 	.397 	.262;
Los Angeles Dodgers	18533 	632053 	83175 	165509 	25563 	6458 	10597 	74079 	235779 	57869 	71043 	\N 	\N 	\N 	.373 	.262;
Atlanta Braves	19411 	667989 	88329 	174567 	27180 	6065 	11563 	77999 	248566 	57286 	75006 	\N 	\N 	\N 	.372 	.261	\N;
Chicago White Sox	16211 	548405 	70541 	143059 	23166 	5123 	8810 	64305 	202901 	53304 	61320 	11905 	\N 	.325 	.370 	.261;
Philadelphia Phillies	18795 	643890 	83123 	168227 	28386 	6183 	10669 	74283 	240986 	57754 	78671 	\N 	\N 	\N 	.374 	.261;
Florida Marlins	1914 	65124 	8320 	16925 	3162 	399 	1667 	7863 	25886 	6341 	12799 	1433 	637 	.329 	.397 	.260	\N;
Oakland Athletics	16176 	548351 	71463 	142365 	23813 	4870 	10786 	65430 	208276 	53976 	68683 	10462 	\N 	.325 	.380 	.260;
Baltimore Orioles	16214 	549856 	69620 	142178 	23966 	4520 	10684 	63906 	207236 	54361 	67195 	9057 	\N 	.324 	.377 	.259;
Milwaukee Brewers	5741 	195514 	25354 	50618 	9055 	1226 	5001 	23910 	77128 	18718 	33090 	3777 	2045 	.326 	.394 	.259;
Texas Rangers	7028 	239742 	30817 	61815 	10509 	1397 	6425 	29017 	94393 	23257 	40868 	3893 	2155 	.325 	.394 	.258	\N;
Los Angeles Angels	7041 	238663 	29840 	61047 	10052 	1327 	5791 	27913 	91126 	22774 	39793 	4002 	2323 	.323 	.382 	.256;
Houston Astros	6880 	233332 	28646 	59411 	10451 	1722 	4863 	26772 	87895 	22566 	39529 	5300 	2421 	.323 	.377 	.255	\N;
Washington Nationals	5741 	194195 	23517 	49234 	9289 	1291 	4414 	21946 	74347 	18120 	33144 	4579 	2070 	.320 	.383 	.254;
San Diego Padres	5748 	194866 	23036 	49121 	8218 	1201 	4186 	21521 	72299 	18512 	34356 	4014 	1938 	.318 	.371 	.252;
New York Mets	6875 	232330 	27482 	57809 	9781 	1271 	5242 	25677 	85858 	22187 	41221 	3921 	2128 	.316 	.370 	.249	\N";